080 080 080 080 080 080 080 080 080 080 080 080 080 080 080 080 080 080 080 080 080 080 080 080 080 080 080 080 080 080 080 080 080 080 080 080 080 080 080 080 080 080 080 080 080 080 080 080 080 080 080 080 080 080 080 080 080 080 080 080 080 080 080 080 080 080 080 080 080 080 080 080 080 080 080 080 080 080 080 080 080 080 080 080 080 080 080 080 080 080 080 080 080 080 080 080 080 080 080 080 
080 080 080 080 080 080 080 080 080 080 080 080 080 080 080 080 080 080 080 080 080 080 080 080 080 080 080 080 080 080 080 080 080 080 080 080 080 080 080 080 080 080 080 080 080 080 080 080 080 080 080 080 080 080 080 080 080 080 080 080 080 080 080 080 080 080 080 080 080 080 080 080 080 080 080 080 080 080 080 080 080 080 080 080 080 080 080 080 080 080 080 080 080 080 080 080 080 080 080 080 
080 080 080 080 080 080 080 080 080 080 080 080 080 080 080 080 080 080 080 080 080 080 080 080 080 080 080 080 080 080 080 080 080 080 080 080 080 080 080 080 080 080 080 080 080 080 080 080 080 080 080 080 080 080 080 080 080 080 080 080 080 080 080 080 080 080 080 080 080 080 080 080 080 080 080 080 080 080 080 080 080 080 080 080 080 080 080 080 080 080 080 080 080 080 080 080 080 080 080 080 
080 080 080 080 080 080 080 080 080 080 080 080 080 080 080 080 080 080 080 080 080 080 080 080 080 080 080 080 080 080 080 080 080 080 080 080 080 080 080 080 080 080 080 080 080 080 080 080 080 080 080 080 080 080 080 080 080 080 080 080 080 080 080 080 080 080 080 080 080 080 080 080 080 080 080 080 080 080 080 080 080 080 080 080 080 080 080 080 080 080 080 080 080 080 080 080 080 080 080 080 
080 080 080 080 080 080 080 080 080 080 080 080 080 080 080 080 080 080 080 080 080 080 080 080 080 080 080 080 080 080 080 080 080 080 080 080 080 080 080 080 080 080 080 080 080 080 080 080 080 080 080 080 080 080 080 080 080 080 080 080 080 080 080 080 080 080 080 080 080 080 080 080 080 080 080 080 080 080 080 080 080 080 080 080 080 080 080 080 080 080 080 080 080 080 080 080 080 080 080 080 
080 080 080 080 080 080 080 080 080 080 080 080 080 080 080 080 080 080 080 080 080 080 080 080 080 080 080 080 080 080 080 080 080 080 080 080 080 080 080 080 080 080 080 080 080 080 080 080 080 080 080 080 080 080 080 080 080 080 080 080 080 080 080 080 080 080 080 080 080 080 080 080 080 080 080 080 080 080 080 080 080 080 080 080 080 080 080 080 080 080 080 080 080 080 080 080 080 080 080 080 
080 080 080 080 080 080 080 080 080 080 080 080 080 080 080 080 080 080 080 080 080 080 080 080 080 080 080 080 080 080 080 080 080 080 080 080 080 080 080 080 080 080 080 080 080 080 080 080 080 080 080 080 080 080 080 080 080 080 080 080 080 080 080 080 080 080 080 080 080 080 080 080 080 080 080 080 080 080 080 080 080 080 080 080 080 080 080 080 080 080 080 080 080 080 080 080 080 080 080 080 
080 080 080 080 080 080 080 080 080 080 080 080 080 080 080 080 080 080 080 080 080 080 080 080 080 080 080 080 080 080 080 080 080 080 080 080 080 080 080 080 080 080 080 080 080 080 080 080 080 080 080 080 080 080 080 080 080 080 080 080 080 080 080 080 080 080 080 080 080 080 080 080 080 080 080 080 080 080 080 080 080 080 080 080 080 080 080 080 080 080 080 080 080 080 080 080 080 080 080 080 
080 080 080 080 080 080 080 080 080 080 080 080 080 080 080 080 080 080 080 080 080 080 080 080 080 080 080 080 080 080 080 080 080 080 080 080 080 080 080 080 080 080 080 080 080 080 080 080 080 080 080 080 080 080 080 080 080 080 080 080 080 080 080 080 080 080 080 080 080 080 080 080 080 080 080 080 080 080 080 080 080 080 080 080 080 080 080 080 080 080 080 080 080 080 080 080 080 080 080 080 
080 080 080 080 080 080 080 080 080 080 080 080 080 080 080 080 080 080 080 080 080 080 080 080 080 080 080 080 080 080 080 080 080 080 080 080 080 080 080 080 080 080 080 080 080 080 080 080 080 080 080 080 080 080 080 080 080 080 080 080 080 080 080 080 080 080 080 080 080 080 080 080 080 080 080 080 080 080 080 080 080 080 080 080 080 080 080 080 080 080 080 080 080 080 080 080 080 080 080 080 
080 080 080 080 080 080 080 080 080 080 080 080 080 080 080 080 080 080 080 080 080 080 080 080 080 080 080 080 080 080 080 080 080 080 080 080 080 080 080 080 080 080 080 080 080 080 080 080 080 080 080 080 080 080 080 080 080 080 080 080 080 080 080 080 080 080 080 080 080 080 080 080 080 080 080 080 080 080 080 080 080 080 080 080 080 080 080 080 080 080 080 080 080 080 080 080 080 080 080 080 
080 080 080 080 080 080 080 080 080 080 080 080 080 080 080 080 080 080 080 080 080 080 080 080 080 080 080 080 080 080 080 080 080 080 080 080 080 080 080 080 080 080 080 080 080 080 080 080 080 080 080 080 080 080 080 080 080 080 080 080 080 080 080 080 080 080 080 080 080 080 080 080 080 080 080 080 080 080 080 080 080 080 080 080 080 080 080 080 080 080 080 080 080 080 080 080 080 080 080 080 
080 080 080 080 080 080 080 080 080 080 080 080 080 080 080 080 080 080 080 080 080 080 080 080 080 080 080 080 080 080 080 080 080 080 080 080 080 080 080 080 080 080 080 080 080 080 080 080 080 080 080 080 080 080 080 080 080 080 080 080 080 080 080 080 080 080 080 080 080 080 080 080 080 080 080 080 080 080 080 080 080 080 080 080 080 080 080 080 080 080 080 080 080 080 080 080 080 080 080 080 
080 080 080 080 080 080 080 080 080 080 080 080 080 080 080 080 080 080 080 080 080 080 080 080 080 080 080 080 080 080 080 080 080 080 080 080 080 080 080 080 080 080 080 080 080 080 080 080 080 080 080 080 080 080 080 080 080 080 080 080 080 080 080 080 080 080 080 080 080 080 080 080 080 080 080 080 080 080 080 080 080 080 080 080 080 080 080 080 080 080 080 080 080 080 080 080 080 080 080 080 
080 080 080 080 080 080 080 080 080 080 080 080 080 080 080 080 080 080 080 080 080 080 080 080 080 080 080 080 080 080 080 080 080 080 080 080 080 080 080 080 080 080 080 080 080 080 080 080 080 080 080 080 080 080 080 080 080 080 080 080 080 080 080 080 080 080 080 080 080 080 080 080 080 080 080 080 080 080 080 080 080 080 080 080 080 080 080 080 080 080 080 080 080 080 080 080 080 080 080 080 
080 080 080 080 080 080 080 080 080 080 080 080 080 080 080 080 080 080 080 080 080 080 080 080 080 080 080 080 080 080 080 080 080 080 080 080 080 080 080 080 080 080 080 080 080 080 080 080 080 080 080 080 080 080 080 080 080 080 080 080 080 080 080 080 080 080 080 080 080 080 080 080 080 080 080 080 080 080 080 080 080 080 080 080 080 080 080 080 080 080 080 080 080 080 080 080 080 080 080 080 
080 080 080 080 080 080 080 080 080 080 080 080 080 080 080 080 080 080 080 080 080 080 080 080 080 080 080 080 080 080 080 080 080 080 080 080 080 080 080 080 080 080 080 080 080 080 080 080 080 080 080 080 080 080 080 080 080 080 080 080 080 080 080 080 080 080 080 080 080 080 080 080 080 080 080 080 080 080 080 080 080 080 080 080 080 080 080 080 080 080 080 080 080 080 080 080 080 080 080 080 
080 080 080 080 080 080 080 080 080 080 080 080 080 080 080 080 080 080 080 080 080 080 080 080 080 080 080 080 080 080 080 080 080 080 080 080 080 080 080 080 080 080 080 080 080 080 080 080 080 080 080 080 080 080 080 080 080 080 080 080 080 080 080 080 080 080 080 080 080 080 080 080 080 080 080 080 080 080 080 080 080 080 080 080 080 080 080 080 080 080 080 080 080 080 080 080 080 080 080 080 
080 080 080 080 080 080 080 080 080 080 080 080 080 080 080 080 080 080 080 080 080 080 080 080 080 080 080 080 080 080 080 080 080 080 080 080 080 080 080 080 080 080 080 080 080 080 080 080 080 080 080 080 080 080 080 080 080 080 080 080 080 080 080 080 080 080 080 080 080 080 080 080 080 080 080 080 080 080 080 080 080 080 080 080 080 080 080 080 080 080 080 080 080 080 080 080 080 080 080 080 
080 080 080 080 080 080 080 080 080 080 080 080 080 080 080 080 080 080 080 080 080 080 080 080 080 080 080 080 080 080 080 080 080 080 080 080 080 080 080 080 080 080 080 080 080 080 080 080 080 080 080 080 080 080 080 080 080 080 080 080 080 080 080 080 080 080 080 080 080 080 080 080 080 080 080 080 080 080 080 080 080 080 080 080 080 080 080 080 080 080 080 080 080 080 080 080 080 080 080 080 
080 080 080 080 080 080 080 080 080 080 080 080 080 080 080 080 080 080 080 080 080 080 080 080 080 080 080 080 080 080 080 080 080 080 080 080 080 080 080 080 080 080 080 080 080 080 080 080 080 080 080 080 080 080 080 080 080 080 080 080 080 080 080 080 080 080 080 080 080 080 080 080 080 080 080 080 080 080 080 080 080 080 080 080 080 080 080 080 080 080 080 080 080 080 080 080 080 080 080 080 
080 080 080 080 080 080 080 080 080 080 080 080 080 080 080 080 080 080 080 080 080 080 080 080 080 080 080 080 080 080 080 080 080 080 080 080 080 080 080 080 080 080 080 080 080 080 080 080 080 080 080 080 080 080 080 080 080 080 080 080 080 080 080 080 080 080 080 080 080 080 080 080 080 080 080 080 080 080 080 080 080 080 080 080 080 080 080 080 080 080 080 080 080 080 080 080 080 080 080 080 
080 080 080 080 080 080 080 080 080 080 080 080 080 080 080 080 080 080 080 080 080 080 080 080 080 080 080 080 080 080 080 080 080 080 080 080 080 080 080 080 080 080 080 080 080 080 080 080 080 080 080 080 080 080 080 080 080 080 080 080 080 080 080 080 080 080 080 080 080 080 080 080 080 080 080 080 080 080 080 080 080 080 080 080 080 080 080 080 080 080 080 080 080 080 080 080 080 080 080 080 
080 080 080 080 080 080 080 080 080 080 080 080 080 080 080 080 080 080 080 080 080 080 080 080 080 080 080 080 080 080 080 080 080 080 080 080 080 080 080 080 080 080 080 080 080 080 080 080 080 080 080 080 080 080 080 080 080 080 080 080 080 080 080 080 080 080 080 080 080 080 080 080 080 080 080 080 080 080 080 080 080 080 080 080 080 080 080 080 080 080 080 080 080 080 080 080 080 080 080 080 
080 080 080 080 080 080 080 080 080 080 080 080 080 080 080 080 080 080 080 080 080 080 080 080 080 080 080 080 080 080 080 080 080 080 080 080 080 080 080 080 080 080 080 080 080 080 080 080 080 080 080 080 080 080 080 080 080 080 080 080 080 080 080 080 080 080 080 080 080 080 080 080 080 080 080 080 080 080 080 080 080 080 080 080 080 080 080 080 080 080 080 080 080 080 080 080 080 080 080 080 
080 080 080 080 080 080 080 080 080 080 080 080 080 080 080 080 080 080 080 080 080 080 080 080 080 080 080 080 080 080 080 080 080 080 080 080 080 080 080 080 080 080 080 080 080 080 080 080 080 080 080 080 080 080 080 080 080 080 080 080 080 080 080 080 080 080 080 080 080 080 080 080 080 080 080 080 080 080 080 080 080 080 080 080 080 080 080 080 080 080 080 080 080 080 080 080 080 080 080 080 
080 080 080 080 080 080 080 080 080 080 080 080 080 080 080 080 080 080 080 080 080 080 080 080 080 080 080 080 080 080 080 080 080 080 080 080 080 080 080 080 080 080 080 080 080 080 080 080 080 080 080 080 080 080 080 080 080 080 080 080 080 080 080 080 080 080 080 080 080 080 080 080 080 080 080 080 080 080 080 080 080 080 080 080 080 080 080 080 080 080 080 080 080 080 080 080 080 080 080 080 
080 080 080 080 080 080 080 080 080 080 080 080 080 080 080 080 080 080 080 080 080 080 080 080 080 080 080 080 080 080 080 080 080 080 080 080 080 080 080 080 080 080 080 080 080 080 080 080 080 080 080 080 080 080 080 080 080 080 080 080 080 080 080 080 080 080 080 080 080 080 080 080 080 080 080 080 080 080 080 080 080 080 080 080 080 080 080 080 080 080 080 080 080 080 080 080 080 080 080 080 
080 080 080 080 080 080 080 080 080 080 080 080 080 080 080 080 080 080 080 080 080 080 080 080 080 080 080 080 080 080 080 080 080 080 080 080 080 080 080 080 080 080 080 080 080 080 080 080 080 080 080 080 080 080 080 080 080 080 080 080 080 080 080 080 080 080 080 080 080 080 080 080 080 080 080 080 080 080 080 080 080 080 080 080 080 080 080 080 080 080 080 080 080 080 080 080 080 080 080 080 
080 080 080 080 080 080 080 080 080 080 080 080 080 080 080 080 080 080 080 080 080 080 080 080 080 080 080 080 080 080 080 080 080 080 080 080 080 080 080 080 080 080 080 080 080 080 080 080 080 080 080 080 080 080 080 080 080 080 080 080 080 080 080 080 080 080 080 080 080 080 080 080 080 080 080 080 080 080 080 080 080 080 080 080 080 080 080 080 080 080 080 080 080 080 080 080 080 080 080 080 
080 080 080 080 080 080 080 080 080 080 080 080 080 080 080 080 080 080 080 080 080 080 080 080 080 080 080 080 080 080 080 080 080 080 080 080 080 080 080 080 080 080 080 080 080 080 080 080 080 080 080 080 080 080 080 080 080 080 080 080 080 080 080 080 080 080 080 080 080 080 080 080 080 080 080 080 080 080 080 080 080 080 080 080 080 080 080 080 080 080 080 080 080 080 080 080 080 080 080 080 
080 080 080 080 080 080 080 080 080 080 080 080 080 080 080 080 080 080 080 080 080 080 080 080 080 080 080 080 080 080 080 080 080 080 080 080 080 080 080 080 080 080 080 080 080 080 080 080 080 080 080 080 080 080 080 080 080 080 080 080 080 080 080 080 080 080 080 080 080 080 080 080 080 080 080 080 080 080 080 080 080 080 080 080 080 080 080 080 080 080 080 080 080 080 080 080 080 080 080 080 
080 080 080 080 080 080 080 080 080 080 080 080 080 080 080 080 080 080 080 080 080 080 080 080 080 080 080 080 080 080 080 080 080 080 080 080 080 080 080 080 080 080 080 080 080 080 080 080 080 080 080 080 080 080 080 080 080 080 080 080 080 080 080 080 080 080 080 080 080 080 080 080 080 080 080 080 080 080 080 080 080 080 080 080 080 080 080 080 080 080 080 080 080 080 080 080 080 080 080 080 
080 080 080 080 080 080 080 080 080 080 080 080 080 080 080 080 080 080 080 080 080 080 080 080 080 080 080 080 080 080 080 080 080 080 080 080 080 080 080 080 080 080 080 080 080 080 080 080 080 080 080 080 080 080 080 080 080 080 080 080 080 080 080 080 080 080 080 080 080 080 080 080 080 080 080 080 080 080 080 080 080 080 080 080 080 080 080 080 080 080 080 080 080 080 080 080 080 080 080 080 
080 080 080 080 080 080 080 080 080 080 080 080 080 080 080 080 080 080 080 080 080 080 080 080 080 080 080 080 080 080 080 080 080 080 080 080 080 080 080 080 080 080 080 080 080 080 080 080 080 080 080 080 080 080 080 080 080 080 080 080 080 080 080 080 080 080 080 080 080 080 080 080 080 080 080 080 080 080 080 080 080 080 080 080 080 080 080 080 080 080 080 080 080 080 080 080 080 080 080 080 
080 080 080 080 080 080 080 080 080 080 080 080 080 080 080 080 080 080 080 080 080 080 080 080 080 080 080 080 080 080 080 080 080 080 080 080 080 080 080 080 080 080 080 080 080 080 080 080 080 080 080 080 080 080 080 080 080 080 080 080 080 080 080 080 080 080 080 080 080 080 080 080 080 080 080 080 080 080 080 080 080 080 080 080 080 080 080 080 080 080 080 080 080 080 080 080 080 080 080 080 
080 080 080 080 080 080 080 080 080 080 080 080 080 080 080 080 080 080 080 080 080 080 080 080 080 080 080 080 080 080 080 080 080 080 080 080 080 080 080 080 080 080 080 080 080 080 080 080 080 080 080 080 080 080 080 080 080 080 080 080 080 080 080 080 080 080 080 080 080 080 080 080 080 080 080 080 080 080 080 080 080 080 080 080 080 080 080 080 080 080 080 080 080 080 080 080 080 080 080 080 
080 080 080 080 080 080 080 080 080 080 080 080 080 080 080 080 080 080 080 080 080 080 080 080 080 080 080 080 080 080 080 080 080 080 080 080 080 080 080 080 080 080 080 080 080 080 080 080 080 080 080 080 080 080 080 080 080 080 080 080 080 080 080 080 080 080 080 080 080 080 080 080 080 080 080 080 080 080 080 080 080 080 080 080 080 080 080 080 080 080 080 080 080 080 080 080 080 080 080 080 
080 080 080 080 080 080 080 080 080 080 080 080 080 080 080 080 080 080 080 080 080 080 080 080 080 080 080 080 080 080 080 080 080 080 080 080 080 080 080 080 080 080 080 080 080 080 080 080 080 080 080 080 080 080 080 080 080 080 080 080 080 080 080 080 080 080 080 080 080 080 080 080 080 080 080 080 080 080 080 080 080 080 080 080 080 080 080 080 080 080 080 080 080 080 080 080 080 080 080 080 
080 080 080 080 080 080 080 080 080 080 080 080 080 080 080 080 080 080 080 080 080 080 080 080 080 080 080 080 080 080 080 080 080 080 080 080 080 080 080 080 080 080 080 080 080 080 080 080 080 080 080 080 080 080 080 080 080 080 080 080 080 080 080 080 080 080 080 080 080 080 080 080 080 080 080 080 080 080 080 080 080 080 080 080 080 080 080 080 080 080 080 080 080 080 080 080 080 080 080 080 
080 080 080 080 080 080 080 080 080 080 080 080 080 080 080 080 080 080 080 080 080 080 080 080 080 080 080 080 080 080 080 080 080 080 080 080 080 080 080 080 080 080 080 080 080 080 080 080 080 080 080 080 080 080 080 080 080 080 080 080 080 080 080 080 080 080 080 080 080 080 080 080 080 080 080 080 080 080 080 080 080 080 080 080 080 080 080 080 080 080 080 080 080 080 080 080 080 080 080 080 
080 080 080 080 080 080 080 080 080 080 080 080 080 080 080 080 080 080 080 080 080 080 080 080 080 080 080 080 080 080 080 080 080 080 080 080 080 080 080 080 080 080 080 080 080 080 080 080 080 080 080 080 080 080 080 080 080 080 080 080 080 080 080 080 080 080 080 080 080 080 080 080 080 080 080 080 080 080 080 080 080 080 080 080 080 080 080 080 080 080 080 080 080 080 080 080 080 080 080 080 
080 080 080 080 080 080 080 080 080 080 080 080 080 080 080 080 080 080 080 080 080 080 080 080 080 080 080 080 080 080 080 080 080 080 080 080 080 080 080 080 080 080 080 080 080 080 080 080 080 080 080 080 080 080 080 080 080 080 080 080 080 080 080 080 080 080 080 080 080 080 080 080 080 080 080 080 080 080 080 080 080 080 080 080 080 080 080 080 080 080 080 080 080 080 080 080 080 080 080 080 
080 080 080 080 080 080 080 080 080 080 080 080 080 080 080 080 080 080 080 080 080 080 080 080 080 080 080 080 080 080 080 080 080 080 080 080 080 080 080 080 080 080 080 080 080 080 080 080 080 080 080 080 080 080 080 080 080 080 080 080 080 080 080 080 080 080 080 080 080 080 080 080 080 080 080 080 080 080 080 080 080 080 080 080 080 080 080 080 080 080 080 080 080 080 080 080 080 080 080 080 
080 080 080 080 080 080 080 080 080 080 080 080 080 080 080 080 080 080 080 080 080 080 080 080 080 080 080 080 080 080 080 080 080 080 080 080 080 080 080 080 080 080 080 080 080 080 080 080 080 081 081 081 081 081 081 081 081 081 080 080 080 080 080 080 080 080 080 080 080 080 080 080 080 080 080 080 080 080 080 080 080 080 080 080 080 080 080 080 080 080 080 080 080 080 080 080 080 080 080 080 
080 080 080 080 080 080 080 080 080 080 080 080 080 080 080 080 080 080 080 080 080 080 080 080 080 080 080 080 080 080 080 080 080 080 080 080 080 080 080 080 080 080 080 080 080 080 080 080 081 081 080 080 080 080 080 080 080 081 081 080 080 080 080 080 080 080 080 080 080 080 080 080 080 080 080 080 080 080 080 080 080 080 080 080 080 080 080 080 080 080 080 080 080 080 080 080 080 080 080 080 
080 080 080 080 080 080 080 080 080 080 080 080 080 080 080 080 080 080 080 080 080 080 080 080 080 080 080 080 080 080 080 080 080 080 080 080 080 080 080 080 080 080 080 080 080 081 081 081 081 080 080 080 080 080 080 080 080 080 081 081 081 081 080 080 080 080 080 080 080 080 080 080 080 080 080 080 080 080 080 080 080 080 080 080 080 080 080 080 080 080 080 080 080 080 080 080 080 080 080 080 
080 080 080 080 080 080 080 080 080 080 080 080 080 080 080 080 080 080 080 080 080 080 080 080 080 080 080 080 080 080 080 080 080 080 080 080 080 080 080 080 080 080 080 080 080 081 080 080 080 080 080 080 080 080 080 080 080 080 080 080 080 081 080 080 080 080 080 080 080 080 080 080 080 080 080 080 080 080 080 080 080 080 080 080 080 080 080 080 080 080 080 080 080 080 080 080 080 080 080 080 
080 080 080 080 080 080 080 080 080 080 080 080 080 080 080 080 080 080 080 080 080 080 080 080 080 080 080 080 080 080 080 080 080 080 080 080 080 080 080 080 080 080 080 080 080 081 081 081 081 080 080 080 080 080 080 080 080 080 081 081 081 081 080 080 080 080 080 080 080 080 080 080 080 080 080 080 080 080 080 080 080 080 080 080 080 080 080 080 080 080 080 080 080 080 080 080 080 080 080 080 
080 080 080 080 080 080 080 080 080 080 080 080 080 080 080 080 080 080 080 080 080 080 080 080 080 080 080 080 080 080 080 080 080 080 080 080 080 080 080 080 080 080 080 080 080 080 080 080 081 081 080 080 080 080 080 080 080 081 081 080 080 080 080 080 080 080 080 080 080 080 080 080 080 080 080 080 080 080 080 080 080 080 080 080 080 080 080 080 080 080 080 080 080 080 080 080 080 080 080 080 
080 080 080 080 080 080 080 080 080 080 080 080 080 080 080 080 080 080 080 080 080 080 080 080 080 080 080 080 080 080 080 080 080 080 080 080 080 080 080 080 080 080 080 080 080 080 080 080 081 081 081 081 081 081 081 081 081 081 080 080 080 080 080 080 080 080 080 080 080 080 080 080 080 080 080 080 080 080 080 080 080 080 080 080 080 080 080 080 080 080 080 080 080 080 080 080 080 080 080 080 
080 080 080 080 080 080 080 080 080 080 080 080 080 080 080 080 080 080 080 080 080 080 080 080 080 080 080 080 080 080 080 080 080 080 080 080 080 080 080 080 080 080 080 080 080 080 080 080 080 080 080 080 080 080 080 080 080 080 080 080 080 080 080 080 080 080 080 080 080 080 080 080 080 080 080 080 080 080 080 080 080 080 080 080 080 080 080 080 080 080 080 080 080 080 080 080 080 080 080 080 
080 080 080 080 080 080 080 080 080 080 080 080 080 080 080 080 080 080 080 080 080 080 080 080 080 080 080 080 080 080 080 080 080 080 080 080 080 080 080 080 080 080 080 080 080 080 080 080 080 080 080 080 080 080 080 080 080 080 080 080 080 080 080 080 080 080 080 080 080 080 080 080 080 080 080 080 080 080 080 080 080 080 080 080 080 080 080 080 080 080 080 080 080 080 080 080 080 080 080 080 
080 080 080 080 080 080 080 080 080 080 080 080 080 080 080 080 080 080 080 080 080 080 080 080 080 080 080 080 080 080 080 080 080 080 080 080 080 080 080 080 080 080 080 080 080 080 080 080 080 080 080 080 080 080 080 080 080 080 080 080 080 080 080 080 080 080 080 080 080 080 080 080 080 080 080 080 080 080 080 080 080 080 080 080 080 080 080 080 080 080 080 080 080 080 080 080 080 080 080 080 
080 080 080 080 080 080 080 080 080 080 080 080 080 080 080 080 080 080 080 080 080 080 080 080 080 080 080 080 080 080 080 080 080 080 080 080 080 080 080 080 080 080 080 080 080 080 080 080 080 080 080 080 080 080 080 080 080 080 080 080 080 080 080 080 080 080 080 080 080 080 080 080 080 080 080 080 080 080 080 080 080 080 080 080 080 080 080 080 080 080 080 080 080 080 080 080 080 080 080 080 
080 080 080 080 080 080 080 080 080 080 080 080 080 080 080 080 080 080 080 080 080 080 080 080 080 080 080 080 080 080 080 080 080 080 080 080 080 080 080 080 080 080 080 080 080 080 080 080 080 080 080 080 080 080 080 080 080 080 080 080 080 080 080 080 080 080 080 080 080 080 080 080 080 080 080 080 080 080 080 080 080 080 080 080 080 080 080 080 080 080 080 080 080 080 080 080 080 080 080 080 
080 080 080 080 080 080 080 080 080 080 080 080 080 080 080 080 080 080 080 080 080 080 080 080 080 080 080 080 080 080 080 080 080 080 080 080 080 080 080 080 080 080 080 080 080 080 080 080 080 080 080 080 080 080 080 080 080 080 080 080 080 080 080 080 080 080 080 080 080 080 080 080 080 080 080 080 080 080 080 080 080 080 080 080 080 080 080 080 080 080 080 080 080 080 080 080 080 080 080 080 
080 080 080 080 080 080 080 080 080 080 080 080 080 080 080 080 080 080 080 080 080 080 080 080 080 080 080 080 080 080 080 080 080 080 080 080 080 080 080 080 080 080 080 080 080 080 080 080 080 080 080 080 080 080 080 080 080 080 080 080 080 080 080 080 080 080 080 080 080 080 080 080 080 080 080 080 080 080 080 080 080 080 080 080 080 080 080 080 080 080 080 080 080 080 080 080 080 080 080 080 
080 080 080 080 080 080 080 080 080 080 080 080 080 080 080 080 080 080 080 080 080 080 080 080 080 080 080 080 080 080 080 080 080 080 080 080 080 080 080 080 080 080 080 080 080 080 080 080 080 080 080 080 080 080 080 080 080 080 080 080 080 080 080 080 080 080 080 080 080 080 080 080 080 080 080 080 080 080 080 080 080 080 080 080 080 080 080 080 080 080 080 080 080 080 080 080 080 080 080 080 
080 080 080 080 080 080 080 080 080 080 080 080 080 080 080 080 080 080 080 080 080 080 080 080 080 080 080 080 080 080 080 080 080 080 080 080 080 080 080 080 080 080 080 080 080 080 080 080 080 080 080 080 080 080 080 080 080 080 080 080 080 080 080 080 080 080 080 080 080 080 080 080 080 080 080 080 080 080 080 080 080 080 080 080 080 080 080 080 080 080 080 080 080 080 080 080 080 080 080 080 
080 080 080 080 080 080 080 080 080 080 080 080 080 080 080 080 080 080 080 080 080 080 080 080 080 080 080 080 080 080 080 080 080 080 080 080 080 080 080 080 080 080 080 080 080 080 080 080 080 080 080 080 080 080 080 080 080 080 080 080 080 080 080 080 080 080 080 080 080 080 080 080 080 080 080 080 080 080 080 080 080 080 080 080 080 080 080 080 080 080 080 080 080 080 080 080 080 080 080 080 
080 080 080 080 080 080 080 080 080 080 080 080 080 080 080 080 080 080 080 080 080 080 080 080 080 080 080 080 080 080 080 080 080 080 080 080 080 080 080 080 080 080 080 080 080 080 080 080 080 080 080 080 080 080 080 080 080 080 080 080 080 080 080 080 080 080 080 080 080 080 080 080 080 080 080 080 080 080 080 080 080 080 080 080 080 080 080 080 080 080 080 080 080 080 080 080 080 080 080 080 
080 080 080 080 080 080 080 080 080 080 080 080 080 080 080 080 080 080 080 080 080 080 080 080 080 080 080 080 080 080 080 080 080 080 080 080 080 080 080 080 080 080 080 080 080 080 080 080 080 080 080 080 080 080 080 080 080 080 080 080 080 080 080 080 080 080 080 080 080 080 080 080 080 080 080 080 080 080 080 080 080 080 080 080 080 080 080 080 080 080 080 080 080 080 080 080 080 080 080 080 
080 080 080 080 080 080 080 080 080 080 080 080 080 080 080 080 080 080 080 080 080 080 080 080 080 080 080 080 080 080 080 080 080 080 080 080 080 080 080 080 080 080 080 080 080 080 080 080 080 080 080 080 080 080 080 080 080 080 080 080 080 080 080 080 080 080 080 080 080 080 080 080 080 080 080 080 080 080 080 080 080 080 080 080 080 080 080 080 080 080 080 080 080 080 080 080 080 080 080 080 
080 080 080 080 080 080 080 080 080 080 080 080 080 080 080 080 080 080 080 080 080 080 080 080 080 080 080 080 080 080 080 080 080 080 080 080 080 080 080 080 080 080 080 080 080 080 080 080 080 080 080 080 080 080 080 080 080 080 080 080 080 080 080 080 080 080 080 080 080 080 080 080 080 080 080 080 080 080 080 080 080 080 080 080 080 080 080 080 080 080 080 080 080 080 080 080 080 080 080 080 
080 080 080 080 080 080 080 080 080 080 080 080 080 080 080 080 080 080 080 080 080 080 080 080 080 080 080 080 080 080 080 080 080 080 080 080 080 080 080 080 080 080 080 080 080 080 080 080 080 080 080 080 080 080 080 080 080 080 080 080 080 080 080 080 080 080 080 080 080 080 080 080 080 080 080 080 080 080 080 080 080 080 080 080 080 080 080 080 080 080 080 080 080 080 080 080 080 080 080 080 
080 080 080 080 080 080 080 080 080 080 080 080 080 080 080 080 080 080 080 080 080 080 080 080 080 080 080 080 080 080 080 080 080 080 080 080 080 080 080 080 080 080 080 080 080 080 080 080 080 080 080 080 080 080 080 080 080 080 080 080 080 080 080 080 080 080 080 080 080 080 080 080 080 080 080 080 080 080 080 080 080 080 080 080 080 080 080 080 080 080 080 080 080 080 080 080 080 080 080 080 
080 080 080 080 080 080 080 080 080 080 080 080 080 080 080 080 080 080 080 080 080 080 080 080 080 080 080 080 080 080 080 080 080 080 080 080 080 080 080 080 080 080 080 080 080 080 080 080 080 080 080 080 080 080 080 080 080 080 080 080 080 080 080 080 080 080 080 080 080 080 080 080 080 080 080 080 080 080 080 080 080 080 080 080 080 080 080 080 080 080 080 080 080 080 080 080 080 080 080 080 
080 080 080 080 080 080 080 080 080 080 080 080 080 080 080 080 080 080 080 080 080 080 080 080 080 080 080 080 080 080 080 080 080 080 080 080 080 080 080 080 080 080 080 080 080 080 080 080 080 080 080 080 080 080 080 080 080 080 080 080 080 080 080 080 080 080 080 080 080 080 080 080 080 080 080 080 080 080 080 080 080 080 080 080 080 080 080 080 080 080 080 080 080 080 080 080 080 080 080 080 
080 080 080 080 080 080 080 080 080 080 080 080 080 080 080 080 080 080 080 080 080 080 080 080 080 080 080 080 080 080 080 080 080 080 080 080 080 080 080 080 080 080 080 080 080 080 080 080 080 080 080 080 080 080 080 080 080 080 080 080 080 080 080 080 080 080 080 080 080 080 080 080 080 080 080 080 080 080 080 080 080 080 080 080 080 080 080 080 080 080 080 080 080 080 080 080 080 080 080 080 
080 080 080 080 080 080 080 080 080 080 080 080 080 080 080 080 080 080 080 080 080 080 080 080 080 080 080 080 080 080 080 080 080 080 080 080 080 080 080 080 080 080 080 080 080 080 080 080 080 080 080 080 080 080 080 080 080 080 080 080 080 080 080 080 080 080 080 080 080 080 080 080 080 080 080 080 080 080 080 080 080 080 080 080 080 080 080 080 080 080 080 080 080 080 080 080 080 080 080 080 
080 080 080 080 080 080 080 080 080 080 080 080 080 080 080 080 080 080 080 080 080 080 080 080 080 080 080 080 080 080 080 080 080 080 080 080 080 080 080 080 080 080 080 080 080 080 080 080 080 080 080 080 080 080 080 080 080 080 080 080 080 080 080 080 080 080 080 080 080 080 080 080 080 080 080 080 080 080 080 080 080 080 080 080 080 080 080 080 080 080 080 080 080 080 080 080 080 080 080 080 
080 080 080 080 080 080 080 080 080 080 080 080 080 080 080 080 080 080 080 080 080 080 080 080 080 080 080 080 080 080 080 080 080 080 080 080 080 080 080 080 080 080 080 080 080 080 080 080 080 080 080 080 080 080 080 080 080 080 080 080 080 080 080 080 080 080 080 080 080 080 080 080 080 080 080 080 080 080 080 080 080 080 080 080 080 080 080 080 080 080 080 080 080 080 080 080 080 080 080 080 
080 080 080 080 080 080 080 080 080 080 080 080 080 080 080 080 080 080 080 080 080 080 080 080 080 080 080 080 080 080 080 080 080 080 080 080 080 080 080 080 080 080 080 080 080 080 080 080 080 080 080 080 080 080 080 080 080 080 080 080 080 080 080 080 080 080 080 080 080 080 080 080 080 080 080 080 080 080 080 080 080 080 080 080 080 080 080 080 080 080 080 080 080 080 080 080 080 080 080 080 
080 080 080 080 080 080 080 080 080 080 080 080 080 080 080 080 080 080 080 080 080 080 080 080 080 080 080 080 080 080 080 080 080 080 080 080 080 080 080 080 080 080 080 080 080 080 080 080 080 080 080 080 080 080 080 080 080 080 080 080 080 080 080 080 080 080 080 080 080 080 080 080 080 080 080 080 080 080 080 080 080 080 080 080 080 080 080 080 080 080 080 080 080 080 080 080 080 080 080 080 
080 080 080 080 080 080 080 080 080 080 080 080 080 080 080 080 080 080 080 080 080 080 080 080 080 080 080 080 080 080 080 080 080 080 080 080 080 080 080 080 080 080 080 080 080 080 080 080 080 080 080 080 080 080 080 080 080 080 080 080 080 080 080 080 080 080 080 080 080 080 080 080 080 080 080 080 080 080 080 080 080 080 080 080 080 080 080 080 080 080 080 080 080 080 080 080 080 080 080 080 
080 080 080 080 080 080 080 080 080 080 080 080 080 080 080 080 080 080 080 080 080 080 080 080 080 080 080 080 080 080 080 080 080 080 080 080 080 080 080 080 080 080 080 080 080 080 080 080 080 080 080 080 080 080 080 080 080 080 080 080 080 080 080 080 080 080 080 080 080 080 080 080 080 080 080 080 080 080 080 080 080 080 080 080 080 080 080 080 080 080 080 080 080 080 080 080 080 080 080 080 
080 080 080 080 080 080 080 080 080 080 080 080 080 080 080 080 080 080 080 080 080 080 080 080 080 080 080 080 080 080 080 080 080 080 080 080 080 080 080 080 080 080 080 080 080 080 080 080 080 080 080 080 080 080 080 080 080 080 080 080 080 080 080 080 080 080 080 080 080 080 080 080 080 080 080 080 080 080 080 080 080 080 080 080 080 080 080 080 080 080 080 080 080 080 080 080 080 080 080 080 
080 080 080 080 080 080 080 080 080 080 080 080 080 080 080 080 080 080 080 080 080 080 080 080 080 080 080 080 080 080 080 080 080 080 080 080 080 080 080 080 080 080 080 080 080 080 080 080 080 080 080 080 080 080 080 080 080 080 080 080 080 080 080 080 080 080 080 080 080 080 080 080 080 080 080 080 080 080 080 080 080 080 080 080 080 080 080 080 080 080 080 080 080 080 080 080 080 080 080 080 
080 080 080 080 080 080 080 080 080 080 080 080 080 080 080 080 080 080 080 080 080 080 080 080 080 080 080 080 080 080 080 080 080 080 080 080 080 080 080 080 080 080 080 080 080 080 080 080 080 080 080 080 080 080 080 080 080 080 080 080 080 080 080 080 080 080 080 080 080 080 080 080 080 080 080 080 080 080 080 080 080 080 080 080 080 080 080 080 080 080 080 080 080 080 080 080 080 080 080 080 
080 080 080 080 080 080 080 080 080 080 080 080 080 080 080 080 080 080 080 080 080 080 080 080 080 080 080 080 080 080 080 080 080 080 080 080 080 080 080 080 080 080 080 080 080 080 080 080 080 080 080 080 080 080 080 080 080 080 080 080 080 080 080 080 080 080 080 080 080 080 080 080 080 080 080 080 080 080 080 080 080 080 080 080 080 080 080 080 080 080 080 080 080 080 080 080 080 080 080 080 
080 080 080 080 080 080 080 080 080 080 080 080 080 080 080 080 080 080 080 080 080 080 080 080 080 080 080 080 080 080 080 080 080 080 080 080 080 080 080 080 080 080 080 080 080 080 080 080 080 080 080 080 080 080 080 080 080 080 080 080 080 080 080 080 080 080 080 080 080 080 080 080 080 080 080 080 080 080 080 080 080 080 080 080 080 080 080 080 080 080 080 080 080 080 080 080 080 080 080 080 
080 080 080 080 080 080 080 080 080 080 080 080 080 080 080 080 080 080 080 080 080 080 080 080 080 080 080 080 080 080 080 080 080 080 080 080 080 080 080 080 080 080 080 080 080 080 080 080 080 080 080 080 080 080 080 080 080 080 080 080 080 080 080 080 080 080 080 080 080 080 080 080 080 080 080 080 080 080 080 080 080 080 080 080 080 080 080 080 080 080 080 080 080 080 080 080 080 080 080 080 
080 080 080 080 080 080 080 080 080 080 080 080 080 080 080 080 080 080 080 080 080 080 080 080 080 080 080 080 080 080 080 080 080 080 080 080 080 080 080 080 080 080 080 080 080 080 080 080 080 080 080 080 080 080 080 080 080 080 080 080 080 080 080 080 080 080 080 080 080 080 080 080 080 080 080 080 080 080 080 080 080 080 080 080 080 080 080 080 080 080 080 080 080 080 080 080 080 080 080 080 
080 080 080 080 080 080 080 080 080 080 080 080 080 080 080 080 080 080 080 080 080 080 080 080 080 080 080 080 080 080 080 080 080 080 080 080 080 080 080 080 080 080 080 080 080 080 080 080 080 080 080 080 080 080 080 080 080 080 080 080 080 080 080 080 080 080 080 080 080 080 080 080 080 080 080 080 080 080 080 080 080 080 080 080 080 080 080 080 080 080 080 080 080 080 080 080 080 080 080 080 
080 080 080 080 080 080 080 080 080 080 080 080 080 080 080 080 080 080 080 080 080 080 080 080 080 080 080 080 080 080 080 080 080 080 080 080 080 080 080 080 080 080 080 080 080 080 080 080 080 080 080 080 080 080 080 080 080 080 080 080 080 080 080 080 080 080 080 080 080 080 080 080 080 080 080 080 080 080 080 080 080 080 080 080 080 080 080 080 080 080 080 080 080 080 080 080 080 080 080 080 
080 080 080 080 080 080 080 080 080 080 080 080 080 080 080 080 080 080 080 080 080 080 080 080 080 080 080 080 080 080 080 080 080 080 080 080 080 080 080 080 080 080 080 080 080 080 080 080 080 080 080 080 080 080 080 080 080 080 080 080 080 080 080 080 080 080 080 080 080 080 080 080 080 080 080 080 080 080 080 080 080 080 080 080 080 080 080 080 080 080 080 080 080 080 080 080 080 080 080 080 
080 080 080 080 080 080 080 080 080 080 080 080 080 080 080 080 080 080 080 080 080 080 080 080 080 080 080 080 080 080 080 080 080 080 080 080 080 080 080 080 080 080 080 080 080 080 080 080 080 080 080 080 080 080 080 080 080 080 080 080 080 080 080 080 080 080 080 080 080 080 080 080 080 080 080 080 080 080 080 080 080 080 080 080 080 080 080 080 080 080 080 080 080 080 080 080 080 080 080 080 
080 080 080 080 080 080 080 080 080 080 080 080 080 080 080 080 080 080 080 080 080 080 080 080 080 080 080 080 080 080 080 080 080 080 080 080 080 080 080 080 080 080 080 080 080 080 080 080 080 080 080 080 080 080 080 080 080 080 080 080 080 080 080 080 080 080 080 080 080 080 080 080 080 080 080 080 080 080 080 080 080 080 080 080 080 080 080 080 080 080 080 080 080 080 080 080 080 080 080 080 
080 080 080 080 080 080 080 080 080 080 080 080 080 080 080 080 080 080 080 080 080 080 080 080 080 080 080 080 080 080 080 080 080 080 080 080 080 080 080 080 080 080 080 080 080 080 080 080 080 080 080 080 080 080 080 080 080 080 080 080 080 080 080 080 080 080 080 080 080 080 080 080 080 080 080 080 080 080 080 080 080 080 080 080 080 080 080 080 080 080 080 080 080 080 080 080 080 080 080 080 
080 080 080 080 080 080 080 080 080 080 080 080 080 080 080 080 080 080 080 080 080 080 080 080 080 080 080 080 080 080 080 080 080 080 080 080 080 080 080 080 080 080 080 080 080 080 080 080 080 080 080 080 080 080 080 080 080 080 080 080 080 080 080 080 080 080 080 080 080 080 080 080 080 080 080 080 080 080 080 080 080 080 080 080 080 080 080 080 080 080 080 080 080 080 080 080 080 080 080 080 
080 080 080 080 080 080 080 080 080 080 080 080 080 080 080 080 080 080 080 080 080 080 080 080 080 080 080 080 080 080 080 080 080 080 080 080 080 080 080 080 080 080 080 080 080 080 080 080 080 080 080 080 080 080 080 080 080 080 080 080 080 080 080 080 080 080 080 080 080 080 080 080 080 080 080 080 080 080 080 080 080 080 080 080 080 080 080 080 080 080 080 080 080 080 080 080 080 080 080 080 
080 080 080 080 080 080 080 080 080 080 080 080 080 080 080 080 080 080 080 080 080 080 080 080 080 080 080 080 080 080 080 080 080 080 080 080 080 080 080 080 080 080 080 080 080 080 080 080 080 080 080 080 080 080 080 080 080 080 080 080 080 080 080 080 080 080 080 080 080 080 080 080 080 080 080 080 080 080 080 080 080 080 080 080 080 080 080 080 080 080 080 080 080 080 080 080 080 080 080 080 
080 080 080 080 080 080 080 080 080 080 080 080 080 080 080 080 080 080 080 080 080 080 080 080 080 080 080 080 080 080 080 080 080 080 080 080 080 080 080 080 080 080 080 080 080 080 080 080 080 080 080 080 080 080 080 080 080 080 080 080 080 080 080 080 080 080 080 080 080 080 080 080 080 080 080 080 080 080 080 080 080 080 080 080 080 080 080 080 080 080 080 080 080 080 080 080 080 080 080 080 
080 080 080 080 080 080 080 080 080 080 080 080 080 080 080 080 080 080 080 080 080 080 080 080 080 080 080 080 080 080 080 080 080 080 080 080 080 080 080 080 080 080 080 080 080 080 080 080 080 080 080 080 080 080 080 080 080 080 080 080 080 080 080 080 080 080 080 080 080 080 080 080 080 080 080 080 080 080 080 080 080 080 080 080 080 080 080 080 080 080 080 080 080 080 080 080 080 080 080 080 
080 080 080 080 080 080 080 080 080 080 080 080 080 080 080 080 080 080 080 080 080 080 080 080 080 080 080 080 080 080 080 080 080 080 080 080 080 080 080 080 080 080 080 080 080 080 080 080 080 080 080 080 080 080 080 080 080 080 080 080 080 080 080 080 080 080 080 080 080 080 080 080 080 080 080 080 080 080 080 080 080 080 080 080 080 080 080 080 080 080 080 080 080 080 080 080 080 080 080 080 
080 080 080 080 080 080 080 080 080 080 080 080 080 080 080 080 080 080 080 080 080 080 080 080 080 080 080 080 080 080 080 080 080 080 080 080 080 080 080 080 080 080 080 080 080 080 080 080 080 080 080 080 080 080 080 080 080 080 080 080 080 080 080 080 080 080 080 080 080 080 080 080 080 080 080 080 080 080 080 080 080 080 080 080 080 080 080 080 080 080 080 080 080 080 080 080 080 080 080 080 
080 080 080 080 080 080 080 080 080 080 080 080 080 080 080 080 080 080 080 080 080 080 080 080 080 080 080 080 080 080 080 080 080 080 080 080 080 080 080 080 080 080 080 080 080 080 080 080 080 080 080 080 080 080 080 080 080 080 080 080 080 080 080 080 080 080 080 080 080 080 080 080 080 080 080 080 080 080 080 080 080 080 080 080 080 080 080 080 080 080 080 080 080 080 080 080 080 080 080 080 
080 080 080 080 080 080 080 080 080 080 080 080 080 080 080 080 080 080 080 080 080 080 080 080 080 080 080 080 080 080 080 080 080 080 080 080 080 080 080 080 080 080 080 080 080 080 080 080 080 080 080 080 080 080 080 080 080 080 080 080 080 080 080 080 080 080 080 080 080 080 080 080 080 080 080 080 080 080 080 080 080 080 080 080 080 080 080 080 080 080 080 080 080 080 080 080 080 080 080 080 
080 080 080 080 080 080 080 080 080 080 080 080 080 080 080 080 080 080 080 080 080 080 080 080 080 080 080 080 080 080 080 080 080 080 080 080 080 080 080 080 080 080 080 080 080 080 080 080 080 080 080 080 080 080 080 080 080 080 080 080 080 080 080 080 080 080 080 080 080 080 080 080 080 080 080 080 080 080 080 080 080 080 080 080 080 080 080 080 080 080 080 080 080 080 080 080 080 080 080 080 
