269 269 269 269 269 269 269 269 269 269 269 269 269 269 269 269 269 269 269 269 269 269 269 269 269 269 269 269 269 269 269 269 269 269 269 269 269 269 269 269 269 269 269 269 269 269 269 269 269 269 269 269 269 269 269 269 269 269 269 269 269 269 269 269 269 269 269 269 269 269 269 269 269 269 269 269 269 269 269 269 269 269 269 269 269 269 269 269 269 269 269 269 0 0 0 0 0 0 0 0 
269 269 269 269 269 269 269 269 269 269 269 269 269 269 269 269 269 269 269 269 269 269 269 269 269 269 269 269 269 269 269 269 269 269 269 269 269 269 269 269 269 269 269 269 269 269 269 269 269 269 269 269 269 269 269 269 269 269 269 269 269 269 269 269 269 269 269 269 269 269 269 269 269 269 269 269 269 269 269 269 269 269 269 269 269 269 269 269 269 269 269 269 0 0 0 0 0 0 0 0 
269 269 269 269 269 269 269 269 269 269 269 269 269 269 269 269 269 269 269 269 269 269 269 269 269 269 269 269 269 269 269 269 269 269 269 269 269 269 269 269 269 269 269 269 269 269 269 269 269 269 269 269 269 269 269 269 269 269 269 269 269 269 269 269 269 269 269 269 269 269 269 269 269 269 269 269 269 269 269 269 269 269 269 269 269 269 269 269 269 269 269 269 0 0 0 0 0 0 0 0 
269 269 269 269 269 269 269 269 269 269 269 269 269 269 269 269 269 269 269 269 269 269 269 269 269 269 269 269 269 269 269 269 269 269 269 269 269 269 269 269 269 269 269 269 269 269 269 269 269 269 269 269 269 269 269 269 269 269 269 269 269 269 269 269 269 269 269 269 269 269 269 269 269 269 269 269 269 269 269 269 269 269 269 269 269 269 269 269 269 269 269 269 0 0 0 0 0 0 0 0 
269 269 269 269 269 269 269 269 269 269 269 269 269 269 269 269 269 269 269 269 269 269 269 269 269 269 269 269 269 269 269 269 269 269 269 269 269 269 269 269 269 269 269 269 269 269 269 269 269 269 269 269 269 269 269 269 269 269 269 269 269 269 269 269 269 269 269 269 269 269 269 269 269 269 269 269 269 269 269 269 269 269 269 269 269 269 269 269 269 269 269 269 0 0 0 0 0 0 0 0 
269 269 269 269 269 269 269 269 269 269 269 269 269 269 269 269 269 269 269 269 269 269 269 269 269 269 267 267 267 267 269 269 269 269 269 269 269 269 269 269 269 269 269 269 269 269 269 269 269 269 269 269 269 269 269 269 269 269 269 269 269 269 269 269 269 269 269 269 269 269 269 269 269 269 269 269 269 269 269 269 269 269 269 269 269 269 269 269 269 269 269 269 0 0 0 0 0 0 0 0 
269 269 269 269 269 269 269 269 269 269 269 269 269 269 269 269 269 269 269 269 269 269 269 269 269 269 267 267 267 267 269 269 269 269 269 269 269 269 269 269 269 269 269 269 269 269 269 269 269 269 269 269 269 269 269 269 269 269 269 269 269 269 269 269 269 269 269 269 269 269 269 269 269 269 269 269 269 269 269 269 269 269 269 269 269 269 269 269 269 269 269 269 0 0 0 0 0 0 0 0 
269 269 269 269 269 269 269 269 269 269 269 269 269 269 269 269 269 269 269 269 269 269 269 269 269 269 267 267 267 267 269 269 269 269 269 269 269 269 269 269 269 269 269 269 269 269 269 269 269 269 269 269 269 269 269 269 269 269 269 269 269 269 269 269 269 269 269 269 269 269 269 269 269 269 269 269 269 269 269 269 269 269 269 269 269 269 269 269 269 269 269 269 0 0 0 0 0 0 0 0 
269 269 269 269 269 269 269 269 269 269 269 269 269 269 269 269 269 269 269 269 269 269 269 269 269 269 267 267 267 267 269 269 269 269 269 269 269 269 269 269 269 269 269 269 269 269 269 269 269 269 269 269 269 269 269 269 269 269 269 269 269 269 269 269 269 269 269 269 269 269 269 269 269 269 269 269 269 269 269 269 269 269 269 269 269 269 269 269 269 269 269 269 0 0 0 0 0 0 0 0 
269 269 269 269 269 269 269 269 269 269 269 269 269 269 269 269 269 269 269 269 269 269 269 269 269 269 267 267 267 267 267 267 267 267 267 267 267 267 267 267 267 267 268 268 268 268 268 268 268 268 268 268 268 268 269 269 269 269 269 269 269 269 269 269 269 269 269 269 269 269 269 269 269 269 269 269 269 269 269 269 269 269 269 269 269 269 269 269 269 269 269 269 0 0 0 0 0 0 0 0 
269 269 269 269 269 269 269 269 269 269 269 269 269 269 269 269 269 269 269 269 269 269 269 269 269 269 267 267 267 267 267 267 267 267 267 267 267 267 267 267 267 267 268 268 268 268 268 268 268 268 268 268 268 268 269 269 269 269 269 269 269 269 269 269 269 269 269 269 269 269 269 269 269 269 269 269 269 269 269 269 269 269 269 269 269 269 269 269 269 269 269 269 0 0 0 0 0 0 0 0 
269 269 269 269 269 269 269 269 269 269 269 269 269 269 269 269 269 269 269 269 269 269 269 269 269 269 267 267 267 267 267 267 267 267 267 267 267 267 267 267 267 267 268 268 268 268 268 268 268 268 268 268 268 268 269 269 269 269 269 269 269 269 269 269 269 269 269 269 269 269 269 269 269 269 269 269 269 269 269 269 269 269 269 269 269 269 269 269 269 269 269 269 0 0 0 0 0 0 0 0 
269 269 269 269 269 269 269 269 269 269 269 269 269 269 269 269 269 269 269 269 269 269 269 269 269 269 267 267 267 267 267 267 267 267 267 267 267 267 267 267 267 267 268 268 268 268 268 268 268 268 268 268 268 268 269 269 269 269 269 269 269 269 269 269 269 269 269 269 269 269 269 269 269 269 269 269 269 269 269 269 269 269 269 269 269 269 269 269 269 269 269 269 0 0 0 0 0 0 0 0 
269 269 269 269 269 269 269 269 269 269 269 269 269 269 269 269 269 269 269 269 269 269 269 269 269 269 267 267 267 267 267 267 267 267 267 267 267 267 267 267 267 267 268 268 268 268 268 268 268 268 268 268 268 268 269 269 269 269 269 269 269 269 269 269 269 269 269 269 269 269 269 269 269 269 269 269 269 269 269 269 269 269 269 269 269 269 269 269 269 269 269 269 0 0 0 0 0 0 0 0 
269 269 269 269 269 269 269 269 269 269 269 269 269 269 269 269 269 269 269 269 269 269 269 269 269 269 269 269 269 269 269 269 269 269 269 269 269 269 269 269 269 269 268 268 268 268 268 268 268 268 268 268 268 268 269 269 269 269 269 269 269 269 269 269 269 269 269 269 269 269 269 269 269 269 269 269 269 269 269 269 269 269 269 269 269 269 269 269 269 269 269 269 0 0 0 0 0 0 0 0 
269 269 269 269 269 269 269 269 269 269 269 269 269 269 269 269 269 269 269 269 269 269 269 269 269 269 269 269 269 269 269 269 269 269 269 269 269 269 269 269 269 269 269 269 269 269 269 269 269 269 269 269 269 269 269 269 269 269 269 269 269 269 269 269 269 269 269 269 269 269 269 269 269 269 269 269 269 269 269 269 269 269 269 269 269 269 269 269 269 269 269 269 0 0 0 0 0 0 0 0 
269 269 269 269 269 269 269 269 269 269 269 269 269 269 269 269 269 269 269 269 269 269 269 269 269 269 269 269 269 269 269 269 269 269 269 269 269 269 269 269 269 269 269 269 269 269 269 269 269 269 269 269 269 269 269 269 269 269 269 269 269 269 269 269 269 269 269 269 269 269 269 269 269 269 269 269 269 269 269 269 269 269 269 269 269 269 269 269 269 269 269 269 0 0 0 0 0 0 0 0 
0 0 0 0 0 0 0 0 0 0 0 0 269 269 269 269 269 269 269 269 269 269 269 269 269 269 269 269 269 269 269 269 269 269 269 269 269 269 269 269 269 269 269 269 269 269 269 269 269 269 269 269 269 269 269 269 269 269 269 269 269 269 269 269 269 269 269 269 269 269 269 269 269 269 269 269 269 269 269 269 269 269 269 269 269 269 269 269 269 269 269 269 0 0 0 0 0 0 0 0 
0 0 0 0 0 0 0 0 0 0 0 0 269 269 269 269 269 269 269 269 269 269 269 269 269 269 269 269 269 269 269 269 269 269 269 269 269 269 269 269 269 269 269 269 269 269 269 269 269 269 269 269 269 269 269 269 269 269 269 269 269 269 269 269 269 269 269 269 269 269 269 269 269 269 269 269 269 269 269 269 269 269 269 269 269 269 269 269 269 269 269 269 0 0 0 0 0 0 0 0 
0 0 0 0 0 0 0 0 0 0 0 0 269 269 269 269 269 269 269 269 269 269 269 269 269 269 269 269 269 269 269 269 269 269 269 269 269 269 269 269 269 269 269 269 269 269 269 269 269 269 269 269 269 269 269 269 269 269 269 269 269 269 269 269 269 269 269 269 269 269 269 269 269 269 269 269 269 269 269 269 269 269 269 269 269 269 269 269 269 269 269 269 0 0 0 0 0 0 0 0 
0 0 0 0 0 0 0 0 0 0 0 0 269 269 269 269 269 269 269 269 269 269 269 269 269 269 269 269 269 269 269 269 269 269 269 269 269 269 269 269 269 269 269 269 269 269 269 269 269 269 269 269 269 269 269 269 269 269 269 269 269 269 269 269 269 269 269 269 269 269 269 269 269 269 269 269 269 269 269 269 269 269 269 269 269 269 269 269 269 269 269 269 0 0 0 0 0 0 0 0 
0 0 0 0 0 0 0 0 0 0 0 0 269 269 269 269 269 269 269 269 269 269 269 269 269 269 269 269 269 269 269 269 269 269 269 269 269 269 269 269 269 269 269 269 269 269 269 269 269 269 269 269 269 269 269 269 269 269 269 269 269 269 269 269 269 269 269 269 269 269 269 269 269 269 269 269 269 269 269 269 269 269 269 269 269 269 269 269 269 269 269 269 0 0 0 0 0 0 0 0 
0 0 0 0 0 0 0 0 0 0 0 0 269 269 269 269 269 269 269 269 269 269 269 269 269 269 269 269 269 269 269 269 269 269 269 269 269 269 269 269 269 269 269 269 269 269 269 269 269 269 269 269 269 269 269 269 269 269 269 269 269 269 269 269 269 269 269 269 269 269 269 269 269 269 269 269 269 269 269 269 269 269 269 269 269 269 269 269 269 269 269 269 0 0 0 0 0 0 0 0 
0 0 0 0 0 0 0 0 0 0 0 0 269 269 269 269 269 269 269 269 269 269 269 269 269 269 269 269 265 265 265 265 265 265 265 265 265 265 265 265 269 269 269 269 269 269 269 269 269 269 269 269 269 269 269 269 269 269 269 269 269 269 269 269 269 269 269 269 269 269 269 269 269 269 269 269 269 269 269 269 269 269 269 269 269 269 269 269 269 269 269 269 0 0 0 0 0 0 0 0 
0 0 0 0 0 0 0 0 0 0 0 0 269 269 269 269 269 269 269 269 269 269 269 269 269 269 269 269 265 265 265 265 265 265 265 265 265 265 265 265 265 265 265 265 265 265 265 265 265 265 265 265 265 265 265 265 269 269 269 269 269 269 269 269 269 269 269 269 269 269 269 269 269 269 269 269 269 269 269 269 269 269 269 269 269 269 269 269 269 269 269 269 0 0 0 0 0 0 0 0 
0 0 0 0 0 0 0 0 0 0 0 0 269 269 269 269 269 269 269 269 269 269 269 269 269 269 269 269 265 265 265 265 265 265 265 265 265 265 265 265 265 265 265 265 265 265 265 265 265 265 265 265 265 265 265 265 265 265 265 265 265 265 265 265 265 265 265 265 265 265 269 269 269 269 269 269 269 269 269 269 269 269 269 269 269 269 269 269 269 269 269 269 0 0 0 0 0 0 0 0 
0 0 0 0 0 0 0 0 0 0 0 0 269 269 269 269 269 269 269 269 269 269 269 269 269 269 269 269 265 265 265 265 265 265 265 265 265 265 265 265 265 265 265 265 265 265 265 265 265 265 265 265 265 265 265 265 265 265 265 265 265 265 265 265 265 265 265 265 265 265 269 269 269 269 269 269 269 269 269 269 269 269 269 269 269 269 269 269 269 269 269 269 0 0 0 0 0 0 0 0 
0 0 0 0 0 0 0 0 0 0 0 0 269 269 269 269 269 269 269 269 269 269 269 269 269 269 269 269 265 265 265 265 265 265 265 265 265 265 265 265 265 265 265 265 265 265 265 265 265 265 265 265 265 265 265 265 265 265 265 265 265 265 265 265 265 265 265 265 265 265 269 269 269 269 269 269 269 269 269 269 269 269 269 269 269 269 269 269 269 269 269 269 0 0 0 0 0 0 0 0 
0 0 0 0 0 0 0 0 0 0 0 0 269 269 269 269 269 269 269 269 269 269 269 269 269 269 269 269 265 265 265 265 265 265 265 265 265 265 265 181 179 179 179 179 179 179 180 179 179 179 184 217 185 179 179 179 180 179 179 179 179 179 179 178 265 265 265 265 265 265 269 269 269 269 269 269 269 269 269 269 269 269 269 269 269 269 269 269 269 269 269 269 0 0 0 0 0 0 0 0 
0 0 0 0 0 0 0 0 0 0 0 0 269 269 269 269 269 269 269 269 269 269 269 269 269 269 269 269 265 265 265 265 265 265 265 265 265 265 265 183 4 4 4 4 4 4 183 305 221 294 241 217 241 294 221 305 183 4 4 4 4 4 4 183 265 265 265 265 265 265 269 269 269 269 269 269 269 269 269 269 269 269 269 269 269 269 269 269 269 269 269 269 0 0 0 0 0 0 0 0 
0 0 0 0 0 0 0 0 0 0 0 0 269 269 269 269 269 269 269 269 269 269 269 269 269 269 269 269 265 265 265 265 265 265 265 265 265 265 265 183 4 4 4 4 4 181 184 304 222 297 223 217 222 297 223 304 185 178 4 4 4 4 4 183 265 265 265 265 265 265 269 269 269 269 269 269 269 269 269 269 269 269 269 269 269 269 269 269 269 269 269 269 0 0 0 0 0 0 0 0 
0 0 0 0 0 0 0 0 0 0 0 0 269 269 269 269 269 269 269 269 269 269 269 269 269 269 269 269 265 265 265 265 265 265 265 265 265 265 265 183 4 4 181 179 179 184 295 219 212 299 213 217 361 299 213 220 295 185 179 179 178 4 4 183 265 265 265 265 265 265 269 269 269 269 269 269 269 269 269 269 269 269 269 269 269 269 269 269 269 269 269 269 0 0 0 0 0 0 0 0 
0 0 0 0 0 0 0 0 0 0 0 0 269 269 269 269 269 269 269 269 269 269 269 269 269 269 269 269 265 265 265 265 265 265 265 265 265 265 265 183 4 181 184 295 241 241 298 270 262 264 264 264 264 264 263 270 296 241 241 295 185 178 4 183 265 265 265 265 265 265 269 269 269 269 269 269 269 269 269 269 269 269 269 269 269 269 269 269 269 269 269 269 0 0 0 0 0 0 0 0 
0 0 0 0 0 0 0 0 0 0 0 0 269 269 269 269 269 269 269 269 269 269 269 269 269 269 269 269 265 265 265 265 265 265 265 265 265 265 265 195 179 184 295 298 242 242 251 270 354 264 264 264 264 264 355 270 249 242 242 296 295 185 179 182 265 265 265 265 265 265 269 269 269 269 269 269 269 269 269 269 269 269 269 269 269 269 269 269 269 269 269 269 0 0 0 0 0 0 0 0 
0 0 0 0 0 0 0 0 0 0 0 0 269 269 269 269 269 269 269 269 269 269 269 269 269 269 269 269 265 265 265 265 265 265 265 265 265 265 265 183 295 226 298 251 250 255 270 270 270 262 264 264 264 263 270 270 270 254 255 249 296 226 295 183 265 265 265 265 265 265 269 269 269 269 269 269 269 269 269 269 269 269 269 269 269 269 269 269 269 269 0 0 0 0 0 0 0 0 0 0 
0 0 0 0 0 0 0 0 0 0 0 0 269 269 269 269 269 269 269 269 269 269 269 269 269 269 269 269 265 265 265 265 265 265 265 265 265 265 265 183 298 237 251 270 270 270 270 270 270 262 264 264 264 263 270 270 270 270 270 270 249 237 296 183 265 265 265 265 265 265 269 269 269 269 269 269 269 269 269 269 269 269 269 269 269 269 269 269 269 269 0 0 0 0 0 0 0 0 0 0 
0 0 0 0 0 0 0 0 0 0 0 0 269 269 269 269 269 269 269 269 269 269 269 269 269 269 269 269 265 265 265 265 265 265 265 265 265 265 265 183 251 270 270 270 270 270 270 270 270 262 264 264 264 263 270 270 270 270 270 270 270 270 249 183 265 265 265 265 265 265 269 269 269 269 269 269 269 269 269 269 269 269 269 269 269 269 269 269 269 269 0 0 0 0 0 0 0 0 0 0 
0 0 0 0 0 0 0 0 0 0 0 0 269 269 269 269 269 269 269 269 269 269 269 269 269 269 269 269 265 265 265 265 265 265 265 265 265 265 265 183 260 270 270 270 270 270 270 270 270 354 264 264 264 355 270 270 270 270 270 270 270 270 270 183 265 265 265 265 265 265 269 269 269 269 269 269 269 269 269 269 269 269 269 269 269 269 269 269 269 269 0 0 0 0 0 0 0 0 0 0 
0 0 0 0 0 0 0 0 0 0 0 0 269 269 269 269 269 269 269 269 269 269 269 269 269 269 269 269 265 265 265 265 265 265 265 265 265 265 265 183 260 270 270 270 270 270 270 270 270 270 262 264 263 270 270 270 270 270 270 270 270 270 270 183 265 265 265 265 265 265 269 269 269 269 269 269 269 269 269 269 269 269 269 269 269 269 269 269 269 269 0 0 0 0 0 0 0 0 0 0 
0 0 0 0 0 0 0 0 0 0 0 0 269 269 269 269 269 269 269 269 269 269 269 269 269 269 269 269 265 265 265 265 265 265 265 265 265 265 265 183 256 270 270 270 270 270 270 270 270 270 262 264 263 270 270 270 270 270 270 270 270 270 259 183 265 265 265 265 265 265 269 269 269 269 269 269 269 269 269 269 269 269 269 269 269 269 269 269 269 269 0 0 0 0 0 0 0 0 0 0 
0 0 0 0 0 0 0 0 0 0 0 0 269 269 269 269 269 269 269 269 269 269 269 269 269 269 269 269 265 265 265 265 265 265 265 265 265 265 265 195 179 178 256 270 270 270 270 270 270 270 262 264 263 270 270 270 270 270 270 270 259 181 179 182 265 265 265 265 265 265 269 269 269 269 269 269 269 269 269 269 269 269 269 269 269 269 269 269 269 269 0 0 0 0 0 0 0 0 0 0 
0 0 0 0 0 0 0 0 0 0 0 0 269 269 269 269 269 269 269 269 269 269 269 269 269 269 269 269 265 265 265 265 265 265 265 265 265 265 265 183 4 195 178 256 270 270 270 270 270 270 354 358 355 270 270 270 270 270 270 259 181 182 4 183 265 265 265 265 265 265 265 265 265 265 269 269 269 269 269 269 269 269 269 269 269 269 269 269 269 269 0 0 0 0 0 0 0 0 0 0 
0 0 0 0 0 0 0 0 0 0 0 0 269 269 269 269 269 269 269 269 269 269 269 269 269 269 269 269 265 265 265 265 265 265 265 265 265 265 265 185 179 177 177 179 179 179 179 178 306 291 291 291 291 291 291 181 179 179 179 179 177 177 179 184 265 265 265 265 265 265 265 265 265 265 269 269 269 269 269 269 269 269 269 269 269 269 269 269 269 269 0 0 0 0 0 0 0 0 0 0 
0 0 0 0 0 0 0 0 0 0 0 0 269 269 269 269 269 269 269 269 269 269 269 269 269 269 269 269 265 265 265 265 265 265 265 265 265 265 265 221 221 221 221 221 221 221 221 185 178 306 291 291 291 291 181 184 241 241 221 221 221 221 221 221 265 265 265 265 265 265 265 265 265 265 269 269 269 269 269 269 269 269 269 269 269 269 269 269 269 269 0 0 0 0 0 0 0 0 0 0 
0 0 0 0 0 0 0 0 0 0 0 0 269 269 269 269 269 269 269 269 269 269 269 269 269 269 269 269 265 265 265 265 265 265 265 265 265 265 265 242 242 242 242 242 242 242 242 221 185 179 178 306 181 179 184 241 242 242 242 242 242 242 242 242 265 265 265 265 265 265 265 265 265 265 269 269 269 269 269 269 269 269 269 269 269 269 269 269 269 269 0 0 0 0 0 0 0 0 0 0 
0 0 0 0 0 0 0 0 0 0 0 0 269 269 269 269 269 269 269 269 269 269 269 269 269 269 269 269 265 265 265 265 265 265 265 265 265 265 265 181 179 179 179 179 179 178 265 242 221 221 183 306 183 221 221 242 267 265 265 265 265 265 265 265 265 265 265 265 265 265 265 265 265 265 269 269 269 269 269 269 269 269 269 269 269 269 269 269 269 269 0 0 0 0 0 0 0 0 0 0 
0 0 0 0 0 0 0 0 0 0 0 0 269 269 269 269 269 269 269 269 269 269 269 269 269 269 269 269 265 265 265 265 265 265 265 265 265 265 265 183 273 229 229 229 273 183 265 265 242 242 183 306 183 242 242 267 265 265 265 265 265 265 265 265 265 265 265 265 265 265 265 265 265 265 269 269 269 269 269 269 269 269 269 269 269 269 269 269 269 269 0 0 0 0 0 0 0 0 0 0 
0 0 0 0 0 0 0 0 0 0 0 0 269 269 269 269 269 269 269 269 269 269 269 269 269 269 269 269 265 265 265 265 265 265 265 265 265 265 265 183 271 246 301 302 272 183 265 265 265 265 183 306 185 179 179 179 179 179 179 179 179 179 179 179 179 179 179 178 265 265 265 265 265 265 269 269 269 269 269 269 269 269 269 269 269 269 269 269 269 269 0 0 0 0 0 0 0 0 0 0 
0 0 0 0 0 0 0 0 0 0 0 0 269 269 269 269 269 269 269 269 269 269 269 269 269 269 269 269 265 265 265 265 265 265 265 265 265 265 265 183 306 291 291 291 291 183 265 265 265 265 183 306 229 230 230 305 230 230 230 230 232 232 232 232 232 232 232 183 265 265 265 265 265 265 269 269 269 269 269 269 269 269 269 269 269 269 269 269 269 269 0 0 0 0 0 0 0 0 0 0 
0 0 0 0 0 0 0 0 0 0 0 0 269 269 269 269 269 269 269 269 269 269 269 269 269 269 269 269 265 265 265 265 265 265 265 265 265 265 265 183 293 285 291 291 291 183 265 265 265 265 183 306 243 233 233 304 233 233 233 233 233 233 246 246 233 233 243 183 265 265 265 265 265 265 269 269 269 269 269 269 269 269 269 269 269 269 269 269 269 269 0 0 0 0 0 0 0 0 0 0 
0 0 0 0 0 0 0 0 0 0 0 0 269 269 269 269 269 269 269 269 269 269 269 269 269 269 269 269 265 265 265 265 265 265 265 265 265 265 265 183 306 291 291 291 292 185 179 179 179 178 183 306 291 291 291 291 291 291 291 291 291 270 270 270 270 270 219 183 265 265 265 265 265 265 269 269 269 269 269 269 269 269 269 269 269 269 269 269 269 269 0 0 0 0 0 0 0 0 0 0 
0 0 0 0 0 0 0 0 0 0 0 0 269 269 269 269 269 269 269 269 269 269 269 269 269 269 269 269 265 265 265 265 265 265 265 265 265 265 265 183 306 291 291 291 291 227 273 273 227 183 183 306 291 291 291 291 291 291 291 291 291 270 270 270 270 219 270 183 265 265 265 265 265 265 269 269 269 269 269 269 269 269 269 269 269 269 269 269 269 269 0 0 0 0 0 0 0 0 0 0 
0 0 0 0 0 0 0 0 0 0 0 0 269 269 269 269 269 269 269 269 269 269 269 269 269 269 269 269 265 265 265 265 265 265 265 265 265 265 265 183 306 291 291 291 291 246 271 271 246 183 185 179 179 179 179 179 179 178 306 291 183 270 270 270 270 219 270 183 265 265 265 265 265 265 269 269 269 269 269 269 269 269 269 269 269 269 269 269 269 269 0 0 0 0 0 0 0 0 0 0 
0 0 0 0 0 0 0 0 0 0 0 0 269 269 269 269 269 269 269 269 269 269 269 269 269 269 269 269 265 265 265 265 265 265 265 265 265 265 265 183 306 291 291 291 291 291 291 291 291 183 265 265 265 265 265 265 265 183 306 291 183 270 270 270 270 270 219 183 265 265 265 265 265 265 269 269 269 269 269 269 269 269 269 269 269 269 269 269 269 269 0 0 0 0 0 0 0 0 0 0 
0 0 0 0 0 0 0 0 0 0 0 0 269 269 269 269 269 269 269 269 269 269 269 269 269 269 269 269 265 265 265 265 265 265 265 265 265 265 265 183 306 283 285 291 291 291 291 291 291 183 265 265 265 265 265 265 265 183 306 291 183 254 255 270 270 270 248 183 265 265 265 265 265 265 269 269 269 269 269 269 269 269 269 269 269 269 269 269 269 269 0 0 0 0 0 0 0 0 0 0 
0 0 0 0 0 0 0 0 0 0 0 0 269 269 269 269 269 269 269 269 269 269 269 269 269 269 269 269 265 265 265 265 265 265 265 265 265 265 265 183 284 291 291 291 291 291 291 291 292 183 265 265 265 265 265 265 265 183 306 291 195 179 179 179 179 179 179 184 265 265 265 265 265 265 269 269 269 269 269 269 269 269 269 269 269 269 269 269 269 269 0 0 0 0 0 0 0 0 0 0 
0 0 0 0 0 0 0 0 0 0 0 0 269 269 269 269 269 269 269 269 269 269 269 269 269 269 269 269 265 265 265 265 265 265 265 265 265 265 265 185 179 179 178 306 291 181 179 179 179 184 265 265 265 265 265 265 265 183 306 291 183 265 265 265 265 265 265 265 265 196 265 265 265 265 269 269 269 269 269 269 269 269 269 269 269 269 269 269 269 269 0 0 0 0 0 0 0 0 0 0 
0 0 0 0 0 0 0 0 0 0 0 0 269 269 269 269 269 269 269 269 269 269 269 269 269 269 269 269 265 265 265 265 265 181 179 179 179 179 179 179 179 179 184 306 291 185 179 179 179 179 179 179 179 179 179 179 179 184 306 291 183 265 265 265 265 265 265 265 265 196 265 265 265 265 269 269 269 269 269 269 269 269 269 269 269 269 269 269 269 269 0 0 0 0 0 0 0 0 0 0 
0 0 0 0 0 0 0 0 0 0 0 0 269 269 269 269 269 269 269 269 269 269 269 269 269 269 269 269 265 265 265 265 265 183 232 232 232 232 232 232 232 232 232 306 291 229 229 229 229 229 229 229 229 229 229 229 229 229 306 291 183 265 265 265 265 265 265 265 265 265 265 265 265 265 269 269 269 269 269 269 269 269 269 269 269 269 269 269 269 269 0 0 0 0 0 0 0 0 0 0 
0 0 0 0 0 0 0 0 0 0 0 0 269 269 269 269 269 269 269 269 269 269 269 269 269 269 269 269 265 265 265 265 265 183 252 233 233 233 233 233 308 307 233 306 291 233 308 307 233 233 233 308 307 233 233 233 308 307 306 291 183 265 265 265 265 265 265 265 265 265 265 265 265 265 269 269 269 269 269 269 269 269 269 269 269 269 269 269 269 269 0 0 0 0 0 0 0 0 0 0 
0 0 0 0 0 0 0 0 0 0 0 0 269 269 269 269 269 269 269 269 269 269 269 269 269 269 269 269 265 265 265 265 265 183 306 291 291 291 291 291 291 291 291 291 291 291 291 291 291 291 291 291 291 291 291 291 291 291 291 291 183 265 265 265 265 265 265 265 265 265 265 265 265 265 269 269 269 269 269 269 269 269 269 269 269 269 269 269 269 269 0 0 0 0 0 0 0 0 0 0 
0 0 0 0 0 0 0 0 0 0 0 0 269 269 269 269 269 269 269 269 269 269 269 269 269 269 269 269 265 265 265 265 265 183 281 282 291 291 291 291 291 291 291 291 291 291 291 291 291 291 291 291 291 291 291 291 291 291 291 291 183 265 265 265 265 265 265 265 265 265 265 265 265 265 269 269 269 269 269 269 269 269 269 269 269 269 269 269 269 269 0 0 0 0 0 0 0 0 0 0 
0 0 0 0 0 0 0 0 0 0 0 0 269 269 269 269 269 269 269 269 269 269 269 269 269 269 269 269 265 265 265 265 265 185 179 179 179 179 179 179 179 179 179 179 179 179 179 179 179 179 179 179 179 179 179 179 179 179 179 179 184 265 265 265 265 265 265 265 265 265 265 265 265 265 269 269 269 269 269 269 269 269 269 269 269 269 269 269 269 269 0 0 0 0 0 0 0 0 0 0 
0 0 0 0 0 0 0 0 0 0 0 0 269 269 269 269 269 269 269 269 269 269 269 269 269 269 269 269 265 265 265 265 265 265 265 265 265 265 265 265 265 265 265 265 265 265 265 265 265 265 265 265 265 265 265 265 265 265 265 265 265 265 265 265 265 265 265 265 265 265 265 265 265 265 269 269 269 269 269 269 269 269 269 269 269 269 269 269 269 269 0 0 0 0 0 0 0 0 0 0 
0 0 0 0 0 0 0 0 0 0 0 0 269 269 269 269 269 269 269 269 269 269 269 269 269 269 269 269 265 265 265 265 265 265 265 265 265 265 265 265 265 265 265 265 265 265 265 265 265 265 265 265 265 265 265 265 265 265 265 265 265 265 265 265 265 265 265 265 265 265 265 265 265 265 269 269 269 269 269 269 269 269 269 269 269 269 269 269 269 269 0 0 0 0 0 0 0 0 0 0 
0 0 0 0 0 0 0 0 0 0 0 0 269 269 269 269 269 269 269 269 269 269 269 269 269 269 269 269 265 265 265 265 265 265 265 265 265 265 265 265 265 265 265 265 265 265 265 265 265 265 265 265 265 265 265 265 265 265 265 265 265 265 265 265 265 265 265 265 265 265 265 265 265 265 269 269 269 269 269 269 269 269 269 269 269 269 269 269 269 269 0 0 0 0 0 0 0 0 0 0 
0 0 0 0 0 0 0 0 0 0 0 0 269 269 269 269 269 269 269 269 269 269 269 269 269 269 269 269 265 265 265 265 265 265 265 265 265 265 265 265 265 265 265 265 265 265 265 265 265 265 265 265 265 265 265 265 265 265 265 265 265 265 265 265 265 265 265 265 265 265 265 265 265 265 269 269 269 269 269 269 269 269 269 269 269 269 269 269 269 269 0 0 0 0 0 0 0 0 0 0 
0 0 0 0 0 0 0 0 0 0 0 0 269 269 269 269 269 269 269 269 269 269 269 269 269 269 269 269 265 265 265 265 265 265 265 265 265 265 265 265 265 265 265 265 265 265 265 265 265 265 265 265 265 265 265 265 265 265 265 265 265 265 265 265 265 265 265 265 265 265 265 265 265 265 269 269 269 269 269 269 269 269 269 269 269 269 269 269 269 269 0 0 0 0 0 0 0 0 0 0 
0 0 0 0 0 0 0 0 0 0 0 0 269 269 269 269 269 269 269 269 269 269 269 269 269 269 269 269 265 265 265 265 265 265 265 265 265 265 265 265 265 265 265 265 265 265 265 265 265 265 265 265 265 265 265 265 265 265 265 265 265 265 265 265 265 265 265 265 265 265 265 265 265 265 269 269 269 269 269 269 269 269 269 269 269 269 269 269 269 269 0 0 0 0 0 0 0 0 0 0 
0 0 0 0 0 0 0 0 0 0 0 0 269 269 269 269 269 269 269 269 269 269 269 269 269 269 269 269 265 265 265 265 265 265 265 265 265 265 265 265 265 265 265 265 265 265 265 265 265 265 265 265 265 265 265 265 265 265 265 265 265 265 265 265 265 265 265 265 265 265 265 265 265 265 269 269 269 269 269 269 269 269 269 269 269 269 269 269 269 269 0 0 0 0 0 0 0 0 0 0 
0 0 0 0 0 0 0 0 0 0 0 0 269 269 269 269 269 269 269 269 269 269 269 269 269 269 269 269 265 265 265 265 265 265 265 265 265 265 265 265 265 265 265 265 265 265 265 265 265 265 265 265 265 265 265 265 265 265 265 265 265 265 265 265 265 265 265 265 265 265 265 265 265 265 269 269 269 269 269 269 269 269 269 269 269 269 269 269 269 269 0 0 0 0 0 0 0 0 0 0 
0 0 0 0 0 0 0 0 0 0 0 0 0 0 0 0 0 0 269 269 269 269 269 269 269 269 269 269 269 269 269 269 269 269 269 269 269 269 269 269 269 269 269 269 269 269 269 269 269 269 269 269 269 269 269 269 269 269 269 269 269 269 269 269 269 269 269 269 269 269 269 269 269 269 269 269 269 269 269 269 269 269 269 269 269 269 269 269 269 269 0 0 0 0 0 0 0 0 0 0 
0 0 0 0 0 0 0 0 0 0 0 0 0 0 0 0 0 0 269 269 269 269 269 269 269 269 269 269 269 269 269 269 269 269 269 269 269 269 269 269 269 269 269 269 269 269 269 269 269 269 269 269 269 269 269 269 269 269 269 269 269 269 269 269 269 269 269 269 269 269 269 269 269 269 269 269 269 269 269 269 269 269 269 269 269 269 269 269 269 269 0 0 0 0 0 0 0 0 0 0 
0 0 0 0 0 0 0 0 0 0 0 0 0 0 0 0 0 0 269 269 269 269 269 269 269 269 269 269 269 269 269 269 269 269 269 269 269 269 269 269 269 269 269 269 269 269 269 269 269 269 269 269 269 269 269 269 269 269 269 269 269 269 269 269 269 269 269 269 269 269 269 269 269 269 269 269 269 269 269 269 269 269 269 269 269 269 269 269 269 269 0 0 0 0 0 0 0 0 0 0 
0 0 0 0 0 0 0 0 0 0 0 0 0 0 0 0 0 0 269 269 269 269 269 269 269 269 269 269 269 269 269 269 269 269 269 269 269 269 269 269 269 269 269 269 269 269 269 269 269 269 269 269 269 269 269 269 269 269 269 269 269 269 269 269 269 269 269 269 269 269 269 269 269 269 269 269 269 269 269 269 269 269 269 269 269 269 269 269 269 269 0 0 0 0 0 0 0 0 0 0 
0 0 0 0 0 0 0 0 0 0 0 0 0 0 0 0 0 0 269 269 269 269 269 269 269 269 269 269 269 269 269 269 269 269 269 269 269 269 269 269 269 269 269 269 269 269 269 269 269 269 269 269 269 269 269 269 269 269 269 269 269 269 269 269 269 269 269 269 269 269 269 269 269 269 269 269 269 269 269 269 269 269 269 269 269 269 269 269 269 269 0 0 0 0 0 0 0 0 0 0 
0 0 0 0 0 0 0 0 0 0 0 0 0 0 0 0 0 0 269 269 269 269 269 269 269 269 269 269 269 269 269 269 269 269 269 269 269 269 269 269 269 269 269 269 269 269 269 269 269 269 269 269 269 269 269 269 269 269 269 269 269 269 269 269 269 269 269 269 269 269 269 269 269 269 269 269 269 269 269 269 269 269 269 269 269 269 269 269 269 269 0 0 0 0 0 0 0 0 0 0 
0 0 0 0 0 0 0 0 0 0 0 0 0 0 0 0 0 0 269 269 269 269 269 269 269 269 269 269 269 269 269 269 269 269 269 269 269 269 269 269 269 269 269 269 269 269 269 269 269 269 269 269 269 269 269 269 269 269 269 269 269 269 269 269 269 269 269 269 269 269 269 269 269 269 269 269 269 269 269 269 269 269 269 269 269 269 269 269 269 269 0 0 0 0 0 0 0 0 0 0 
0 0 0 0 0 0 0 0 0 0 0 0 0 0 0 0 0 0 269 269 269 269 269 269 269 269 269 269 269 269 269 269 269 269 269 269 269 269 269 269 269 269 269 269 269 269 269 269 269 269 269 269 269 269 269 269 269 269 269 269 269 269 269 269 269 269 269 269 269 269 269 269 269 269 269 269 269 269 269 269 269 269 269 269 269 269 269 269 269 269 0 0 0 0 0 0 0 0 0 0 
0 0 0 0 0 0 0 0 0 0 0 0 0 0 0 0 0 0 269 269 269 269 269 269 269 269 269 269 269 269 269 269 269 269 269 269 269 269 269 269 269 269 269 269 269 269 269 269 269 269 269 269 269 269 269 269 269 269 269 269 269 269 269 269 269 269 269 269 269 269 269 269 269 269 269 269 269 269 269 269 269 269 269 269 269 269 269 269 269 269 0 0 0 0 0 0 0 0 0 0 
0 0 0 0 0 0 0 0 0 0 0 0 0 0 0 0 0 0 0 0 0 0 0 0 0 0 0 0 0 0 0 0 0 0 0 0 0 0 0 0 0 0 0 0 0 0 0 0 0 0 0 0 0 0 0 0 0 0 0 0 0 0 0 0 0 0 0 0 0 0 0 0 0 0 0 0 0 0 0 0 0 0 0 0 0 0 0 0 0 0 0 0 0 0 0 0 0 0 0 0 
0 0 0 0 0 0 0 0 0 0 0 0 0 0 0 0 0 0 0 0 0 0 0 0 0 0 0 0 0 0 0 0 0 0 0 0 0 0 0 0 0 0 0 0 0 0 0 0 0 0 0 0 0 0 0 0 0 0 0 0 0 0 0 0 0 0 0 0 0 0 0 0 0 0 0 0 0 0 0 0 0 0 0 0 0 0 0 0 0 0 0 0 0 0 0 0 0 0 0 0 
0 0 0 0 0 0 0 0 0 0 0 0 0 0 0 0 0 0 0 0 0 0 0 0 0 0 0 0 0 0 0 0 0 0 0 0 0 0 0 0 0 0 0 0 0 0 0 0 0 0 0 0 0 0 0 0 0 0 0 0 0 0 0 0 0 0 0 0 0 0 0 0 0 0 0 0 0 0 0 0 0 0 0 0 0 0 0 0 0 0 0 0 0 0 0 0 0 0 0 0 
0 0 0 0 0 0 0 0 0 0 0 0 0 0 0 0 0 0 0 0 0 0 0 0 0 0 0 0 0 0 0 0 0 0 0 0 0 0 0 0 0 0 0 0 0 0 0 0 0 0 0 0 0 0 0 0 0 0 0 0 0 0 0 0 0 0 0 0 0 0 0 0 0 0 0 0 0 0 0 0 0 0 0 0 0 0 0 0 0 0 0 0 0 0 0 0 0 0 0 0 
0 0 0 0 0 0 0 0 0 0 0 0 0 0 0 0 0 0 0 0 0 0 0 0 0 0 0 0 0 0 0 0 0 0 0 0 0 0 0 0 0 0 0 0 0 0 0 0 0 0 0 0 0 0 0 0 0 0 0 0 0 0 0 0 0 0 0 0 0 0 0 0 0 0 0 0 0 0 0 0 0 0 0 0 0 0 0 0 0 0 0 0 0 0 0 0 0 0 0 0 
0 0 0 0 0 0 0 0 0 0 0 0 0 0 0 0 0 0 0 0 0 0 0 0 0 0 0 0 0 0 0 0 0 0 0 0 0 0 0 0 0 0 0 0 0 0 0 0 0 0 0 0 0 0 0 0 0 0 0 0 0 0 0 0 0 0 0 0 0 0 0 0 0 0 0 0 0 0 0 0 0 0 0 0 0 0 0 0 0 0 0 0 0 0 0 0 0 0 0 0 
0 0 0 0 0 0 0 0 0 0 0 0 0 0 0 0 0 0 0 0 0 0 0 0 0 0 0 0 0 0 0 0 0 0 0 0 0 0 0 0 0 0 0 0 0 0 0 0 0 0 0 0 0 0 0 0 0 0 0 0 0 0 0 0 0 0 0 0 0 0 0 0 0 0 0 0 0 0 0 0 0 0 0 0 0 0 0 0 0 0 0 0 0 0 0 0 0 0 0 0 
0 0 0 0 0 0 0 0 0 0 0 0 0 0 0 0 0 0 0 0 0 0 0 0 0 0 0 0 0 0 0 0 0 0 0 0 0 0 0 0 0 0 0 0 0 0 0 0 0 0 0 0 0 0 0 0 0 0 0 0 0 0 0 0 0 0 0 0 0 0 0 0 0 0 0 0 0 0 0 0 0 0 0 0 0 0 0 0 0 0 0 0 0 0 0 0 0 0 0 0 
0 0 0 0 0 0 0 0 0 0 0 0 0 0 0 0 0 0 0 0 0 0 0 0 0 0 0 0 0 0 0 0 0 0 0 0 0 0 0 0 0 0 0 0 0 0 0 0 0 0 0 0 0 0 0 0 0 0 0 0 0 0 0 0 0 0 0 0 0 0 0 0 0 0 0 0 0 0 0 0 0 0 0 0 0 0 0 0 0 0 0 0 0 0 0 0 0 0 0 0 
0 0 0 0 0 0 0 0 0 0 0 0 0 0 0 0 0 0 0 0 0 0 0 0 0 0 0 0 0 0 0 0 0 0 0 0 0 0 0 0 0 0 0 0 0 0 0 0 0 0 0 0 0 0 0 0 0 0 0 0 0 0 0 0 0 0 0 0 0 0 0 0 0 0 0 0 0 0 0 0 0 0 0 0 0 0 0 0 0 0 0 0 0 0 0 0 0 0 0 0 
0 0 0 0 0 0 0 0 0 0 0 0 0 0 0 0 0 0 0 0 0 0 0 0 0 0 0 0 0 0 0 0 0 0 0 0 0 0 0 0 0 0 0 0 0 0 0 0 0 0 0 0 0 0 0 0 0 0 0 0 0 0 0 0 0 0 0 0 0 0 0 0 0 0 0 0 0 0 0 0 0 0 0 0 0 0 0 0 0 0 0 0 0 0 0 0 0 0 0 0 
0 0 0 0 0 0 0 0 0 0 0 0 0 0 0 0 0 0 0 0 0 0 0 0 0 0 0 0 0 0 0 0 0 0 0 0 0 0 0 0 0 0 0 0 0 0 0 0 0 0 0 0 0 0 0 0 0 0 0 0 0 0 0 0 0 0 0 0 0 0 0 0 0 0 0 0 0 0 0 0 0 0 0 0 0 0 0 0 0 0 0 0 0 0 0 0 0 0 0 0 
0 0 0 0 0 0 0 0 0 0 0 0 0 0 0 0 0 0 0 0 0 0 0 0 0 0 0 0 0 0 0 0 0 0 0 0 0 0 0 0 0 0 0 0 0 0 0 0 0 0 0 0 0 0 0 0 0 0 0 0 0 0 0 0 0 0 0 0 0 0 0 0 0 0 0 0 0 0 0 0 0 0 0 0 0 0 0 0 0 0 0 0 0 0 0 0 0 0 0 0 
0 0 0 0 0 0 0 0 0 0 0 0 0 0 0 0 0 0 0 0 0 0 0 0 0 0 0 0 0 0 0 0 0 0 0 0 0 0 0 0 0 0 0 0 0 0 0 0 0 0 0 0 0 0 0 0 0 0 0 0 0 0 0 0 0 0 0 0 0 0 0 0 0 0 0 0 0 0 0 0 0 0 0 0 0 0 0 0 0 0 0 0 0 0 0 0 0 0 0 0 
0 0 0 0 0 0 0 0 0 0 0 0 0 0 0 0 0 0 0 0 0 0 0 0 0 0 0 0 0 0 0 0 0 0 0 0 0 0 0 0 0 0 0 0 0 0 0 0 0 0 0 0 0 0 0 0 0 0 0 0 0 0 0 0 0 0 0 0 0 0 0 0 0 0 0 0 0 0 0 0 0 0 0 0 0 0 0 0 0 0 0 0 0 0 0 0 0 0 0 0 
0 0 0 0 0 0 0 0 0 0 0 0 0 0 0 0 0 0 0 0 0 0 0 0 0 0 0 0 0 0 0 0 0 0 0 0 0 0 0 0 0 0 0 0 0 0 0 0 0 0 0 0 0 0 0 0 0 0 0 0 0 0 0 0 0 0 0 0 0 0 0 0 0 0 0 0 0 0 0 0 0 0 0 0 0 0 0 0 0 0 0 0 0 0 0 0 0 0 0 0 
0 0 0 0 0 0 0 0 0 0 0 0 0 0 0 0 0 0 0 0 0 0 0 0 0 0 0 0 0 0 0 0 0 0 0 0 0 0 0 0 0 0 0 0 0 0 0 0 0 0 0 0 0 0 0 0 0 0 0 0 0 0 0 0 0 0 0 0 0 0 0 0 0 0 0 0 0 0 0 0 0 0 0 0 0 0 0 0 0 0 0 0 0 0 0 0 0 0 0 0 
0 0 0 0 0 0 0 0 0 0 0 0 0 0 0 0 0 0 0 0 0 0 0 0 0 0 0 0 0 0 0 0 0 0 0 0 0 0 0 0 0 0 0 0 0 0 0 0 0 0 0 0 0 0 0 0 0 0 0 0 0 0 0 0 0 0 0 0 0 0 0 0 0 0 0 0 0 0 0 0 0 0 0 0 0 0 0 0 0 0 0 0 0 0 0 0 0 0 0 0 
0 0 0 0 0 0 0 0 0 0 0 0 0 0 0 0 0 0 0 0 0 0 0 0 0 0 0 0 0 0 0 0 0 0 0 0 0 0 0 0 0 0 0 0 0 0 0 0 0 0 0 0 0 0 0 0 0 0 0 0 0 0 0 0 0 0 0 0 0 0 0 0 0 0 0 0 0 0 0 0 0 0 0 0 0 0 0 0 0 0 0 0 0 0 0 0 0 0 0 0 
0 0 0 0 0 0 0 0 0 0 0 0 0 0 0 0 0 0 0 0 0 0 0 0 0 0 0 0 0 0 0 0 0 0 0 0 0 0 0 0 0 0 0 0 0 0 0 0 0 0 0 0 0 0 0 0 0 0 0 0 0 0 0 0 0 0 0 0 0 0 0 0 0 0 0 0 0 0 0 0 0 0 0 0 0 0 0 0 0 0 0 0 0 0 0 0 0 0 0 0 
